0, 0, 0, 0, 0, 0, 0, 0, 0, 0, 0, 0, 0, 0, 0, 0, 0, 0, 0, 0, 0, 0, 0, 0, 0, 0, 0, 0, 0, 0, 0, 0, 0, 0, 0, 0, 0, 0, 0, 0, 0, 0, 0, 0, 0, 0, 0, 0, 0, 0, 0
0, 0, 0, 0, 0, 0, 0, 0, 0, 0, 0, 0, 0, 0, 0, 0, 0, 0, 0, 0, 0, 0, 0, 0, 0, 0, 0, 0, 0, 0, 0, 0, 0, 0, 0, 0, 0, 0, 0, 0, 0, 0, 0, 0, 0, 0, 0, 0, 0, 0, 0
0, 0, 0, 0, 0, 0, 0, 0, 0, 0, 0, 0, 0, 0, 0, 0, 0, 0, 0, 0, 0, 0, 0, 0, 0, 0, 0, 0, 0, 0, 0, 0, 0, 0, 0, 0, 0, 0, 0, 0, 0, 0, 0, 0, 0, 0, 0, 0, 0, 0, 0
0, 0, 0, 0, 0, 0, 0, 0, 0, 0, 0, 0, 0, 0, 0, 0, 0, 0, 0, 0, 0, 0, 0, 0, 138, 138, 138, 138, 138, 0, 0, 0, 0, 0, 0, 0, 0, 0, 0, 0, 0, 0, 0, 0, 0, 0, 0, 0, 0, 0, 0
0, 0, 0, 0, 0, 0, 0, 0, 0, 0, 0, 0, 0, 0, 0, 0, 0, 0, 0, 0, 0, 0, 0, 138, 138, 138, 138, 138, 138, 138, 0, 0, 0, 0, 0, 0, 0, 0, 0, 0, 0, 0, 0, 0, 0, 0, 0, 0, 0, 0, 0
0, 0, 0, 0, 0, 0, 0, 0, 0, 0, 0, 0, 0, 0, 0, 0, 0, 0, 0, 0, 0, 0, 0, 162, 138, 138, 138, 138, 138, 138, 0, 0, 0, 0, 0, 0, 0, 0, 0, 0, 0, 0, 0, 0, 0, 0, 0, 0, 0, 0, 0
0, 0, 0, 0, 0, 0, 0, 0, 0, 0, 0, 0, 0, 0, 0, 0, 0, 0, 0, 0, 0, 0, 55, 162, 138, 138, 138, 138, 138, 138, 0, 0, 0, 0, 0, 0, 0, 0, 0, 0, 0, 0, 0, 0, 0, 0, 0, 0, 0, 0, 0
0, 0, 0, 0, 0, 0, 0, 0, 0, 0, 0, 0, 0, 0, 0, 0, 0, 0, 0, 0, 0, 0, 0, 162, 138, 138, 138, 138, 138, 138, 0, 0, 0, 0, 0, 0, 0, 0, 0, 0, 0, 0, 0, 0, 0, 0, 0, 0, 0, 0, 0
0, 0, 0, 0, 0, 0, 0, 0, 0, 0, 0, 0, 0, 0, 0, 0, 0, 0, 0, 0, 0, 0, 0, 138, 162, 138, 138, 138, 138, 138, 0, 0, 0, 0, 0, 0, 0, 0, 0, 0, 0, 0, 0, 0, 0, 0, 0, 0, 0, 0, 0
0, 0, 0, 0, 0, 0, 0, 0, 0, 0, 0, 0, 0, 0, 0, 0, 0, 0, 0, 0, 0, 0, 0, 0, 138, 138, 138, 138, 43, 0, 0, 0, 0, 0, 0, 0, 0, 0, 0, 0, 0, 0, 0, 0, 0, 0, 0, 0, 0, 0, 0
0, 0, 0, 0, 0, 0, 0, 0, 0, 0, 0, 0, 0, 0, 0, 0, 0, 0, 0, 0, 0, 0, 0, 0, 0, 162, 138, 138, 0, 0, 0, 0, 0, 0, 0, 0, 0, 0, 0, 0, 0, 0, 0, 0, 0, 0, 0, 0, 0, 0, 0
0, 0, 0, 0, 0, 0, 0, 0, 0, 0, 0, 0, 0, 0, 0, 0, 0, 0, 0, 0, 0, 0, 0, 0, 0, 162, 138, 138, 0, 0, 0, 0, 0, 0, 0, 0, 0, 0, 0, 0, 0, 0, 0, 0, 0, 0, 0, 0, 0, 0, 0
0, 0, 0, 0, 0, 0, 0, 0, 0, 0, 0, 0, 0, 0, 0, 0, 0, 0, 0, 0, 0, 0, 0, 0, 0, 162, 138, 138, 0, 0, 0, 0, 0, 0, 0, 0, 0, 0, 0, 0, 0, 0, 0, 0, 0, 0, 0, 0, 0, 0, 0
0, 0, 0, 0, 0, 0, 0, 0, 0, 0, 0, 0, 0, 0, 0, 0, 0, 0, 0, 0, 0, 0, 0, 0, 0, 162, 138, 138, 0, 0, 0, 0, 0, 0, 0, 0, 0, 0, 0, 0, 0, 0, 0, 0, 0, 0, 0, 0, 0, 0, 0
0, 0, 0, 0, 0, 0, 0, 0, 0, 0, 0, 0, 0, 0, 0, 0, 0, 0, 0, 0, 0, 0, 0, 0, 0, 162, 138, 138, 0, 0, 0, 0, 0, 0, 0, 0, 0, 0, 0, 0, 0, 0, 0, 0, 0, 0, 0, 0, 0, 0, 0
0, 0, 0, 0, 0, 0, 0, 0, 0, 0, 0, 0, 0, 0, 0, 0, 0, 0, 0, 0, 0, 0, 0, 0, 0, 162, 138, 138, 0, 0, 0, 0, 0, 0, 0, 0, 0, 0, 0, 0, 0, 0, 0, 0, 0, 0, 0, 0, 0, 0, 0
0, 0, 0, 0, 0, 0, 0, 0, 0, 0, 0, 0, 0, 0, 0, 0, 0, 0, 0, 0, 0, 0, 0, 0, 0, 162, 138, 138, 0, 0, 0, 0, 0, 0, 0, 0, 0, 0, 0, 0, 0, 0, 0, 0, 0, 0, 0, 0, 0, 0, 0
0, 0, 0, 0, 0, 0, 0, 0, 0, 0, 0, 0, 0, 0, 0, 0, 0, 0, 0, 0, 0, 0, 0, 0, 0, 162, 138, 138, 0, 0, 0, 0, 0, 0, 0, 0, 0, 0, 0, 0, 0, 0, 0, 0, 0, 0, 0, 0, 0, 0, 0
0, 0, 0, 0, 0, 0, 0, 0, 162, 162, 162, 162, 162, 162, 162, 162, 162, 162, 162, 162, 162, 162, 162, 162, 162, 162, 138, 138, 138, 138, 138, 138, 138, 138, 138, 138, 138, 138, 138, 138, 138, 138, 138, 138, 138, 0, 0, 0, 0, 0, 0
0, 0, 0, 0, 0, 0, 0, 0, 162, 162, 162, 162, 162, 162, 162, 162, 162, 162, 162, 162, 162, 162, 162, 162, 162, 162, 138, 138, 138, 138, 138, 138, 138, 138, 138, 138, 138, 138, 138, 138, 138, 138, 138, 138, 138, 0, 0, 0, 0, 0, 0
0, 0, 0, 0, 0, 0, 0, 0, 162, 162, 162, 162, 162, 162, 162, 162, 162, 162, 162, 162, 162, 162, 162, 162, 162, 162, 138, 138, 138, 138, 138, 138, 138, 138, 138, 138, 138, 138, 138, 138, 138, 138, 138, 138, 138, 0, 0, 0, 0, 0, 0
0, 0, 0, 0, 0, 0, 138, 138, 162, 162, 162, 162, 162, 162, 162, 162, 162, 162, 162, 162, 162, 162, 162, 162, 162, 162, 138, 138, 138, 138, 138, 138, 138, 138, 138, 138, 138, 138, 138, 138, 138, 138, 138, 138, 138, 162, 162, 0, 0, 0, 0
0, 0, 0, 0, 0, 0, 162, 162, 162, 162, 162, 162, 162, 162, 162, 162, 162, 162, 162, 162, 162, 162, 162, 162, 162, 162, 138, 138, 138, 138, 138, 138, 138, 138, 138, 138, 138, 138, 138, 138, 138, 138, 138, 138, 138, 138, 138, 0, 0, 0, 0
0, 0, 0, 0, 0, 0, 162, 162, 162, 162, 162, 162, 162, 162, 162, 162, 162, 162, 162, 162, 162, 162, 162, 162, 162, 162, 138, 138, 138, 138, 138, 138, 138, 138, 138, 138, 138, 138, 138, 138, 138, 138, 138, 138, 138, 138, 138, 0, 0, 0, 0
0, 0, 0, 0, 0, 0, 162, 162, 162, 162, 162, 162, 162, 162, 162, 44, 31, 31, 31, 68, 162, 162, 162, 162, 162, 162, 138, 138, 138, 138, 138, 138, 138, 31, 31, 31, 31, 138, 138, 138, 138, 138, 138, 138, 138, 138, 138, 0, 0, 0, 0
0, 0, 0, 0, 0, 0, 162, 162, 162, 162, 162, 162, 162, 162, 162, 31, 31, 45, 45, 31, 162, 162, 162, 162, 162, 162, 138, 138, 138, 138, 138, 138, 30, 31, 45, 45, 46, 31, 138, 138, 138, 138, 138, 138, 138, 138, 138, 0, 0, 0, 0
0, 0, 0, 0, 0, 0, 162, 162, 162, 162, 162, 162, 162, 162, 162, 31, 45, 45, 45, 47, 162, 162, 162, 162, 162, 162, 138, 138, 138, 138, 138, 138, 28, 31, 45, 45, 45, 31, 138, 138, 138, 138, 138, 138, 138, 138, 138, 0, 0, 0, 0
0, 0, 0, 0, 0, 0, 162, 162, 162, 162, 162, 162, 162, 162, 162, 31, 31, 45, 45, 31, 162, 162, 162, 162, 162, 162, 138, 138, 138, 138, 138, 138, 138, 31, 29, 45, 31, 138, 138, 138, 138, 138, 138, 138, 138, 138, 138, 0, 0, 0, 0
0, 0, 0, 0, 0, 0, 162, 138, 162, 162, 162, 162, 162, 162, 162, 162, 31, 31, 31, 162, 162, 162, 162, 162, 162, 162, 138, 138, 138, 138, 138, 138, 138, 138, 138, 138, 138, 138, 138, 138, 138, 138, 138, 138, 138, 138, 138, 0, 0, 0, 0
0, 0, 0, 0, 0, 0, 138, 138, 162, 162, 162, 162, 162, 162, 162, 162, 162, 162, 162, 162, 162, 162, 162, 162, 162, 162, 138, 138, 138, 138, 138, 138, 138, 138, 138, 138, 138, 138, 138, 138, 138, 138, 138, 138, 138, 162, 162, 0, 0, 0, 0
0, 0, 0, 0, 0, 0, 0, 0, 162, 162, 162, 162, 162, 162, 162, 162, 162, 162, 162, 162, 162, 162, 162, 162, 162, 162, 138, 138, 138, 138, 138, 138, 138, 138, 138, 138, 138, 138, 138, 138, 138, 138, 138, 138, 138, 0, 0, 0, 0, 0, 0
0, 0, 0, 0, 0, 0, 0, 0, 162, 162, 162, 162, 162, 162, 162, 162, 162, 162, 162, 162, 162, 162, 162, 162, 162, 162, 138, 138, 138, 138, 138, 138, 138, 138, 138, 138, 138, 138, 138, 138, 138, 138, 138, 138, 138, 0, 0, 0, 0, 0, 0
0, 0, 0, 0, 0, 0, 0, 0, 162, 162, 162, 162, 162, 162, 162, 162, 162, 162, 162, 162, 162, 162, 162, 162, 162, 162, 138, 138, 138, 138, 138, 138, 138, 138, 138, 138, 138, 138, 138, 138, 138, 138, 138, 138, 138, 0, 0, 0, 0, 0, 0
0, 0, 0, 0, 0, 0, 0, 0, 162, 162, 162, 162, 162, 162, 162, 162, 162, 162, 162, 162, 162, 162, 162, 162, 162, 162, 138, 138, 138, 138, 138, 138, 138, 138, 138, 138, 138, 138, 138, 138, 138, 138, 138, 138, 138, 0, 0, 0, 0, 0, 0
0, 0, 0, 0, 0, 0, 0, 0, 162, 162, 162, 162, 162, 162, 162, 162, 162, 162, 162, 162, 162, 162, 162, 162, 162, 162, 138, 138, 138, 138, 138, 138, 138, 138, 138, 138, 138, 138, 138, 138, 138, 138, 138, 138, 138, 0, 0, 0, 0, 0, 0
0, 0, 0, 0, 0, 0, 0, 0, 162, 162, 162, 162, 162, 162, 162, 162, 162, 162, 162, 162, 162, 162, 162, 162, 162, 162, 138, 138, 138, 138, 138, 138, 138, 138, 138, 138, 138, 138, 138, 138, 138, 138, 138, 138, 138, 0, 0, 0, 0, 0, 0
0, 0, 0, 0, 0, 0, 0, 0, 162, 162, 162, 162, 162, 162, 162, 162, 162, 162, 162, 31, 31, 31, 31, 31, 31, 31, 31, 31, 31, 31, 31, 31, 31, 138, 138, 138, 138, 138, 138, 138, 138, 138, 138, 138, 138, 0, 0, 0, 0, 0, 0
0, 0, 0, 0, 0, 0, 0, 0, 162, 162, 162, 162, 162, 162, 162, 162, 162, 162, 162, 162, 31, 45, 45, 45, 45, 45, 45, 45, 45, 45, 45, 31, 31, 138, 138, 138, 138, 138, 138, 138, 138, 138, 138, 138, 138, 0, 0, 0, 0, 0, 0
0, 0, 0, 0, 0, 0, 0, 0, 162, 162, 162, 162, 162, 162, 162, 162, 162, 162, 162, 162, 31, 31, 45, 45, 45, 45, 45, 45, 45, 45, 41, 31, 48, 138, 138, 138, 138, 138, 138, 138, 138, 138, 138, 138, 138, 0, 0, 0, 0, 0, 0
0, 0, 0, 0, 0, 0, 0, 0, 162, 162, 162, 162, 162, 162, 162, 162, 162, 162, 162, 162, 162, 162, 162, 162, 162, 162, 138, 138, 138, 138, 138, 138, 138, 138, 138, 138, 138, 138, 138, 138, 138, 138, 138, 138, 138, 0, 0, 0, 0, 0, 0
0, 0, 0, 0, 0, 0, 0, 0, 162, 162, 162, 162, 162, 162, 162, 162, 162, 162, 162, 162, 162, 162, 162, 162, 162, 162, 138, 138, 138, 138, 138, 138, 138, 138, 138, 138, 138, 138, 138, 138, 138, 138, 138, 138, 138, 0, 0, 0, 0, 0, 0
0, 0, 0, 0, 0, 0, 0, 0, 162, 162, 162, 162, 162, 162, 162, 162, 162, 162, 162, 162, 162, 162, 162, 162, 162, 162, 138, 138, 138, 138, 138, 138, 138, 138, 138, 138, 138, 138, 138, 138, 138, 138, 138, 138, 138, 0, 0, 0, 0, 0, 0
0, 0, 0, 0, 0, 0, 0, 0, 162, 162, 162, 162, 162, 162, 162, 162, 162, 162, 162, 162, 162, 162, 162, 162, 162, 162, 138, 138, 138, 138, 138, 138, 138, 138, 138, 138, 138, 138, 138, 138, 138, 138, 138, 138, 138, 0, 0, 0, 0, 0, 0
0, 0, 0, 0, 0, 0, 0, 0, 0, 0, 0, 0, 0, 0, 0, 0, 0, 0, 0, 0, 0, 162, 162, 162, 162, 162, 138, 138, 138, 138, 138, 138, 0, 0, 0, 0, 0, 0, 0, 0, 0, 0, 0, 0, 0, 0, 0, 0, 0, 0, 0
0, 0, 0, 0, 0, 0, 0, 0, 0, 0, 0, 0, 0, 0, 0, 0, 0, 0, 0, 0, 0, 162, 162, 162, 162, 162, 138, 138, 138, 138, 138, 138, 0, 0, 0, 0, 0, 0, 0, 0, 0, 0, 0, 0, 0, 0, 0, 0, 0, 0, 0
0, 0, 0, 0, 0, 0, 0, 0, 0, 0, 0, 0, 0, 0, 0, 0, 0, 0, 0, 0, 0, 162, 162, 162, 162, 162, 138, 138, 138, 138, 138, 138, 0, 0, 0, 0, 0, 0, 0, 0, 0, 0, 0, 0, 0, 0, 0, 0, 0, 0, 0
0, 0, 0, 0, 0, 0, 0, 0, 0, 0, 0, 0, 0, 0, 0, 0, 0, 0, 0, 0, 0, 162, 162, 162, 162, 162, 138, 138, 138, 138, 138, 138, 0, 0, 0, 0, 0, 0, 0, 0, 0, 0, 0, 0, 0, 0, 0, 0, 0, 0, 0
0, 0, 0, 0, 0, 0, 0, 0, 0, 0, 0, 0, 0, 0, 0, 0, 0, 0, 0, 0, 0, 162, 162, 162, 162, 162, 138, 138, 138, 138, 138, 138, 0, 0, 0, 0, 0, 0, 0, 0, 0, 0, 0, 0, 0, 0, 0, 0, 0, 0, 0
0, 0, 0, 0, 0, 0, 0, 0, 0, 0, 0, 0, 0, 0, 0, 0, 0, 0, 0, 0, 0, 162, 162, 162, 162, 162, 138, 138, 138, 138, 138, 138, 0, 0, 0, 0, 0, 0, 0, 0, 0, 0, 0, 0, 0, 0, 0, 0, 0, 0, 0
0, 0, 0, 0, 0, 0, 0, 0, 0, 0, 0, 0, 0, 0, 0, 0, 0, 0, 0, 0, 0, 0, 0, 0, 0, 0, 0, 0, 0, 0, 0, 0, 0, 0, 0, 0, 0, 0, 0, 0, 0, 0, 0, 0, 0, 0, 0, 0, 0, 0, 0
0, 0, 0, 0, 0, 0, 0, 0, 0, 0, 0, 0, 0, 0, 0, 0, 0, 0, 0, 0, 0, 0, 0, 0, 0, 0, 0, 0, 0, 0, 0, 0, 0, 0, 0, 0, 0, 0, 0, 0, 0, 0, 0, 0, 0, 0, 0, 0, 0, 0, 0
0, 0, 0, 0, 0, 0, 0, 0, 0, 0, 0, 0, 0, 0, 0, 0, 0, 0, 0, 0, 0, 0, 0, 0, 0, 0, 0, 0, 0, 0, 0, 0, 0, 0, 0, 0, 0, 0, 0, 0, 0, 0, 0, 0, 0, 0, 0, 0, 0, 0, 0
0, 0, 0, 0, 0, 0, 0, 0, 0, 0, 0, 0, 0, 0, 0, 0, 0, 0, 0, 0, 0, 0, 0, 0, 0, 0, 0, 0, 0, 0, 0, 0, 0, 0, 0, 0, 0, 0, 0, 0, 0, 0, 0, 0, 0, 0, 0, 0, 0, 0, 0
